16242
data.
100
280
237
221
200
184
161
138
112
333
311
290
267
249
225
204
180
403
380
359
336
316
294
273
492
471
448
428
404
385
361
343
562
543
520
501
477
457
434
415
635
614
592
571
548
528
504
727
704
683
661
640
616
596
572
795
771
752
737
719
701
684
664
889
869
857
833
814
792
772
748
972
948
924
905
882
864
841
823
1041
1014
992
970
947
927
904
886
1103
1084
1059
1036
1011
988
966
1188
1166
1144
1120
1098
1074
1053
1027
1248
1221
1204
1184
1163
1140
1119
1337
1318
1295
1276
1250
1230
1207
1188
1406
1387
1360
1340
1316
1299
1274
1262
1482
1462
1440
1424
1404
1388
1376
1359
1581
1561
1537
1519
1494
1475
1450
1430
1648
1629
1606
1586
1562
1542
1517
1739
1717
1697
1673
1654
1630
1612
1588
1811
1786
1767
1745
1725
1707
1690
1665
1887
1864
1846
1821
1802
1778
1758
1977
1957
1933
1913
1890
1872
1847
1828
2048
2029
1997
1976
1946
1929
1905
2126
2105
2078
2054
2040
2021
2007
1986
2210
2189
2175
2155
2145
2120
2099
2075
2298
2273
2256
2232
2210
2187
2167
2144
2365
2343
2322
2300
2280
2256
2235
2211
2432
2410
2389
2367
2353
2332
2313
2531
2511
2488
2466
2444
2424
2399
2378
2597
2577
2554
2537
2513
2493
2469
2450
2668
2651
2626
2606
2582
2561
2539
2760
2736
2717
2696
2678
2656
2636
2612
2833
2813
2795
2771
2754
2733
2718
2695
2921
2901
2891
2868
2847
2824
2802
2777
3000
2975
2954
2924
2904
2880
2857
3075
3056
3031
3004
2982
2966
2941
3163
3140
3119
3089
3070
3043
3022
2998
3216
3191
3167
3145
3124
3097
3077
3293
3274
3249
3229
3203
3183
3158
3379
3353
3334
3307
3287
3515
3246
3224
3448
3427
3407
3383
3363
3338
3317
3534
3512
3486
3469
3446
3431
3408
3391
3613
3597
3572
3556
3539
3518
3494
3476
3691
3673
3648
3628
3603
3582
4054
3541
3760
3744
3724
3703
3679
3658
3633
3857
3831
3811
3787
3768
3745
3724
3699
3921
3897
3876
3852
3833
3811
3789
4008
3989
3965
3946
3916
3896
3871
3853
5063
4064
4035
4017
3989
3969
3943
4165
4143
4122
4100
4080
4055
4035
4011
4231
4207
4186
4162
4144
4123
4105
4084
4309
4288
4272
4247
4239
4215
4193
4170
4389
4364
4343
4320
4297
4272
4252
5459
4457
4428
4408
4387
4372
4347
4326
4542
4522
4496
4475
4452
4429
4406
4626
4604
4581
4558
4538
4513
4490
4710
4688
4666
4648
4628
4611
4590
4574
4552
4777
4768
4750
4724
4705
4680
4662
6355
5355
4844
4824
4803
4778
4756
4731
4956
4932
4912
4888
4867
4844
4823
4800
5021
4998
4975
4955
4933
4903
4883
5101
5083
5060
5037
5018
4999
4977
4958
5179
5160
5141
5125
5101
5078
5058
5051
7234
6232
5230
5203
5180
5163
5143
5127
5344
5322
5297
5276
5252
5230
5205
5427
5402
5380
5356
5336
5311
5289
5505
5485
5460
5440
5414
5395
5368
5347
5564
5544
5519
5498
5477
5459
5440
5422
5642
5624
8075
7074
6073
5563
5542
5525
5749
5733
5714
5693
5670
5650
5625
5604
5822
5803
5780
5759
5737
5715
5693
5913
5889
5869
5845
5825
5801
5782
5759
5984
5960
5940
5917
5899
5874
5857
5832
6056
6037
6021
6001
8927
7926
6926
5924
6151
6132
6136
6115
6099
6076
6056
6031
6252
6225
6203
6179
6156
6131
6107
6322
6300
6272
6252
6226
6203
6178
6158
6374
6355
6328
6307
6281
6261
6235
6458
6431
6411
6386
6365
6340
6319
6539
6443
6423
6411
6627
6604
6604
6585
6559
6538
6515
6495
6714
6694
6673
6651
6628
6609
6585
6564
6786
6767
6743
6721
6698
6678
6654
6875
6849
6829
6805
6785
6761
6739
6715
6937
6912
6891
6867
7013
6996
6982
6966
6954
6932
6905
6880
7123
7100
7082
7059
7040
7015
6995
6970
7194
7168
7148
7123
7099
7076
7055
7274
7254
7226
7203
7178
7157
7131
7112
7328
7307
7282
7261
7234
7212
7186
7406
7384
7362
7338
7315
7291
7268
7486
7466
7442
7422
7398
7379
7356
8739
7738
7467
7450
7429
7656
7625
7610
7584
7563
7538
7518
7737
7717
7693
7673
7652
7636
7610
7593
7820
7803
7779
7763
7738
7746
7722
7701
7676
7898
7875
7854
7832
7811
7786
7765
7744
7964
7943
7921
7898
7875
7854
7833
8049
8030
8006
7986
7963
7944
7920
7900
8113
8091
8062
8042
10155
9146
8150
8125
8110
8084
8068
8290
8265
8246
8229
8201
8179
8154
8376
8350
8330
8306
8285
8262
8240
8219
8438
8414
8394
8370
8348
8325
8305
8525
8507
8486
8470
8450
8432
8410
8390
8369
8594
8599
8580
8559
8536
8513
8490
8466
8687
8665
8644
8620
8598
8575
8557
8532
8754
8728
8708
10314
9312
8800
8781
8761
8737
8710
8694
8903
8887
8868
8848
8824
8806
8782
9007
8980
8961
8936
8915
8893
8872
8850
9071
9049
9028
9004
8985
8963
8940
9159
9139
9108
9087
9061
9043
9018
8997
9215
9196
9172
9151
9130
9111
9092
9075
9295
9270
9248
9230
9210
8978
8953
8934
8908
8886
8861
8841
11199
10198
9197
8925
8904
9126
9108
9088
9065
9044
9022
9002
9223
9197
9169
9142
9122
9096
9074
9294
9274
9243
9220
9194
9172
9144
9368
9341
9318
9295
9270
9246
9224
9441
9420
9395
9372
9346
9325
9299
9276
9494
9472
9446
9426
9402
9379
9354
9575
9549
9528
9501
9480
9454
9432
9649
9631
9611
11519
10518
9517
9244
9226
9205
9182
9153
9135
9112
9331
9299
9283
9257
9235
9208
9188
9406
9381
9357
9333
9306
9284
9260
9480
9457
9436
9409
9389
9365
9341
9316
9536
9510
9490
9464
9441
9417
9394
9611
9592
9565
9543
9520
9496
9471
9694
9665
9645
9618
9597
9572
9551
9526
9746
9721
9698
9672
9755
9742
9722
9703
9221
9196
9176
9160
9141
9123
9100
9322
9295
9276
9249
9228
9203
9181
9398
9377
9352
9332
9304
9282
9258
9477
9453
9434
9408
9388
9363
9342
9317
9539
9513
9493
9466
9443
9420
9396
9613
9592
9568
9547
9519
9497
9469
9690
9666
9644
9617
9597
9572
9552
9646
9627
9641
9622
9607
9574
9559
9770
9756
9732
9713
9690
9668
9643
9864
9841
9821
9794
9775
9752
9733
9707
9931
9907
9887
9862
9842
9817
9797
10015
9996
9972
9951
9928
9908
9885
9864
10083
10064
10033
10014
9991
9971
9944
10167
10145
10125
10098
10076
10050
10032
10008
10235
10214
12368
11365
10362
9359
9336
9314
9295
9517
9500
9469
9444
9412
9397
9377
9596
9570
9548
9523
9503
9479
9458
9676
9656
9631
9609
9586
9566
9541
9521
9741
9722
9698
9675
9650
9633
9608
9831
9806
9786
9761
9743
9717
9699
9675
9897
9872
9851
9830
9809
9788
9767
9988
9968
9949
9931
9912
9895
9875
9991
9973
9954
9938
10160
10135
10111
10086
10057
10042
10017
10238
10215
10196
10163
10143
10117
10095
10310
10288
10262
10242
10216
10195
10169
10391
10365
10343
10318
10299
10272
10251
10468
10447
10423
10402
10377
10358
10334
10314
10532
10512
10487
10465
10442
10422
10400
10623
10600
10583
10563
10547
10527
10513







































